1000
24 771
817 17
417 691
17 682
125 607
900 358
677 235
84 604
314 645
607 858
223 328
372 665
162 120
399 625
737 534
907 632
458 166
679 565
67 704
108 641
52 980
686 953
889 994
881 477
181 776
238 28
75 445
101 868
270 142
965 692
12 126
595 261
526 348
104 593
772 135
582 546
87 965
451 246
318 845
79 713
645 673
891 851
331 417
74 148
186 155
4 766
677 775
817 338
37 171
19 45
52 850
415 124
702 178
382 181
789 437
158 904
196 368
894 159
77 939
931 82
839 569
484 61
202 649
796 150
854 75
457 713
563 375
377 567
513 818
765 479
492 154
552 803
232 477
521 398
235 445
31 708
371 142
780 107
965 651
14 681
752 158
626 166
258 511
257 459
193 207
832 243
684 420
555 321
675 39
914 562
788 333
62 924
144 524
213 743
637 655
740 308
725 866
373 283
919 329
570 617
20 783
688 49
221 91
415 834
123 912
625 650
88 44
201 394
196 713
438 354
490 803
272 101
980 1
723 257
931 871
153 248
332 875
77 90
791 831
941 879
394 374
847 511
86 218
416 172
321 62
56 635
860 976
394 831
940 249
571 822
278 375
873 488
607 627
918 565
915 735
197 687
983 986
948 536
496 535
930 476
757 578
539 594
450 789
217 191
247 651
686 260
9 659
80 170
311 374
772 523
943 940
806 882
906 36
399 429
469 107
760 217
426 87
998 16
798 364
574 39
988 366
547 931
2 969
686 285
123 734
302 786
829 782
344 320
859 323
384 438
149 853
945 4
999 835
721 531
503 19
857 158
699 676
971 737
507 57
92 521
938 281
653 492
587 869
253 250
218 841
657 356
816 358
14 372
827 655
637 550
998 883
481 29
900 747
718 128
67 413
258 494
334 640
304 321
603 544
154 383
647 164
679 54
583 782
822 249
16 499
82 22
849 516
118 59
327 332
187 400
593 563
863 749
638 555
912 31
324 121
2 56
186 757
789 717
624 717
946 260
581 439
495 981
385 286
697 584
397 303
650 319
63 701
684 757
858 193
5 160
30 950
771 835
163 900
729 536
484 259
290 260
290 899
261 770
606 457
474 868
508 188
789 39
820 825
216 919
218 772
286 323
600 584
693 682
283 297
883 783
539 775
477 193
823 958
171 741
273 636
424 104
45 331
225 255
736 136
748 330
694 930
99 913
980 847
257 789
304 3
276 810
462 835
692 771
380 281
354 95
280 864
84 179
536 963
921 904
819 105
592 478
638 892
198 169
481 762
279 203
131 659
876 746
59 45
374 563
73 420
650 575
821 453
246 605
798 437
243 537
141 942
315 83
691 234
436 107
479 395
294 972
885 98
986 262
436 446
988 136
767 511
2 237
222 915
957 663
789 993
271 18
374 589
277 490
171 956
152 287
182 776
399 536
668 429
87 878
295 885
789 914
4 578
299 914
341 802
593 720
223 455
886 219
22 959
863 506
615 641
480 582
166 442
409 32
802 191
66 123
942 876
290 554
545 532
532 517
168 633
251 912
259 999
448 861
421 4
481 868
775 459
804 175
304 897
5 987
286 271
452 603
512 273
26 639
135 638
870 270
761 666
819 464
272 992
420 671
739 876
562 6
84 1000
77 331
834 149
50 161
871 908
180 473
973 829
558 146
428 744
120 406
239 427
208 367
88 83
674 225
977 766
27 210
492 441
427 320
293 477
969 474
223 999
827 194
356 336
470 281
602 122
731 772
858 645
355 5
514 345
260 644
501 300
356 304
97 846
157 496
586 130
978 7
989 256
841 544
63 322
369 878
743 860
326 992
170 87
987 154
806 199
328 591
208 140
820 198
746 630
676 987
215 557
780 535
801 279
613 842
557 819
656 1000
693 701
866 234
327 723
553 823
668 192
206 275
899 919
411 38
270 563
567 535
982 780
639 531
203 324
408 953
902 58
218 336
971 975
559 979
313 791
828 179
20 451
863 750
901 773
682 127
879 67
55 894
53 255
309 858
259 462
897 820
994 80
736 573
313 432
412 18
712 732
845 319
534 759
906 82
909 573
209 698
836 919
771 360
894 944
331 844
945 886
161 163
330 589
682 255
438 105
378 456
172 794
660 34
26 789
120 414
453 697
823 446
549 247
988 307
104 309
508 977
453 444
383 782
932 97
247 391
748 217
584 171
941 425
816 276
64 493
161 435
124 487
381 691
178 298
618 425
346 551
198 442
727 568
460 790
497 84
719 452
858 578
727 893
100 41
954 693
432 551
92 144
649 792
530 217
331 210
980 177
350 374
17 582
392 810
391 306
249 765
107 534
368 114
750 590
327 865
433 94
595 922
386 853
286 964
175 737
296 469
34 876
979 682
70 438
750 841
585 298
13 93
443 661
326 875
166 612
599 554
638 214
999 224
386 419
658 91
244 890
881 684
686 73
625 187
789 208
394 223
858 279
443 293
318 858
997 27
662 553
261 37
744 253
309 423
613 472
221 228
224 477
806 815
637 936
816 32
861 558
293 866
897 72
797 786
813 4
323 626
335 85
255 975
952 572
638 376
227 263
31 472
787 761
775 710
610 409
376 635
463 544
933 267
335 509
393 807
567 675
233 778
689 958
823 539
718 922
544 291
259 45
672 120
238 166
709 336
891 749
497 146
98 916
20 345
675 39
153 251
941 144
407 545
331 166
572 632
289 823
341 496
685 156
633 737
601 44
206 15
176 755
435 222
759 124
401 606
294 653
596 53
855 378
902 273
814 317
173 125
937 116
252 438
354 707
464 94
155 676
852 953
106 772
47 254
461 7
979 440
279 351
306 118
252 737
292 728
561 793
668 395
424 176
484 918
522 658
782 998
973 37
213 175
657 758
19 836
781 870
268 825
55 982
698 622
100 510
371 799
173 292
392 858
835 235
231 624
84 978
340 224
919 495
771 897
748 915
104 134
15 176
67 623
222 704
790 477
625 216
609 189
586 53
513 594
749 222
364 596
577 714
648 53
111 419
988 382
172 523
191 981
18 85
624 586
555 688
429 794
840 231
928 28
215 397
103 722
763 759
971 762
713 226
123 733
928 32
546 320
664 404
694 249
903 918
867 284
167 715
63 727
20 932
767 258
580 419
994 99
272 169
588 633
75 651
478 784
72 22
340 213
529 696
167 778
341 689
708 707
345 811
436 162
226 318
246 248
610 295
154 318
922 625
503 379
655 972
792 694
432 5
946 990
550 847
457 911
957 345
507 665
322 847
429 188
781 621
397 182
105 745
79 473
386 73
916 750
854 181
208 454
527 526
691 627
848 847
779 730
702 987
608 620
665 7
216 701
795 930
307 900
808 266
938 628
127 80
547 387
712 583
472 561
62 56
585 523
255 234
647 817
553 185
803 388
351 484
342 29
636 99
210 826
336 201
889 353
97 910
261 282
676 329
623 479
68 996
619 432
170 391
476 725
741 666
333 139
532 549
648 539
698 611
553 503
712 438
765 486
578 756
672 314
299 347
837 944
298 673
466 456
473 711
442 46
523 318
652 696
999 323
108 568
394 871
769 132
833 410
927 301
567 505
845 949
844 341
122 124
599 111
548 356
150 665
857 36
179 494
969 466
184 396
995 188
702 985
736 497
771 860
565 876
859 206
829 537
448 632
782 762
540 262
202 940
822 501
329 758
12 705
637 210
160 978
182 207
550 752
319 502
5 76
777 724
36 65
350 319
118 779
489 36
713 471
516 440
524 315
602 13
119 159
990 112
407 53
372 473
730 364
526 171
888 659
649 396
170 524
354 119
575 191
747 624
269 545
794 439
230 980
716 801
851 225
118 940
580 683
100 266
449 478
422 647
179 520
175 646
894 415
999 648
107 819
892 711
81 220
485 411
484 679
79 162
817 198
19 813
672 710
272 905
547 909
445 195
46 883
178 264
96 496
663 204
713 159
92 985
348 161
91 642
775 141
628 872
184 838
679 509
387 285
87 679
49 401
557 431
531 981
10 243
687 993
937 737
498 787
116 333
759 191
262 77
767 172
969 138
609 66
297 618
300 873
345 844
75 627
396 91
848 661
694 847
836 289
861 320
277 56
794 685
561 598
628 780
459 358
703 514
308 193
985 389
859 249
445 464
464 722
820 567
853 779
16 540
270 161
691 841
435 397
560 399
955 831
503 398
796 595
103 446
752 531
143 190
457 501
85 34
849 446
131 66
43 271
127 593
974 384
130 612
299 18
676 412
5 265
486 5
593 857
199 423
902 248
315 972
358 957
864 92
885 792
155 686
322 386
779 712
188 358
636 528
606 208
8 323
958 204
552 719
75 898
697 437
813 513
797 345
1 98
143 604
253 143
91 641
1 379
788 871
943 947
808 607
964 798
250 6
927 881
431 317
873 782
291 679
262 885
333 267
163 875
648 579
656 347
659 500
264 123
571 783
63 408
767 751
388 164
396 604
975 991
66 695
260 115
815 383
816 85
883 51
331 89
476 761
823 877
27 487
473 496
606 896
93 228
79 217
303 763
573 692
727 86
81 868
916 355
700 979
68 64
855 129
